4.000000000000000000e+02 1.044362052769765237e+00 7.638018711709978481e-01 1.000000000000000000e+00
4.050000000000000000e+02 1.038760425586065184e+00 7.528158346733661022e-01 1.000000000000000000e+00
4.100000000000000000e+02 1.029776627905874653e+00 7.351966097650920462e-01 1.000000000000000000e+00
4.150000000000000000e+02 1.022045239698731400e+00 7.200336383220456993e-01 1.000000000000000000e+00
4.200000000000000000e+02 1.012833488237061319e+00 7.019673453599757362e-01 1.000000000000000000e+00
4.250000000000000000e+02 1.007400735925862545e+00 6.913125100387147448e-01 1.000000000000000000e+00
4.300000000000000000e+02 1.000304101496295672e+00 6.773944318987706881e-01 1.000000000000000000e+00
4.350000000000000000e+02 9.994942571569267464e-01 6.758061470704628260e-01 9.985344605890577041e-01
4.400000000000000000e+02 9.954874075982980131e-01 6.679478241139288341e-01 9.869234293657517254e-01
4.450000000000000000e+02 9.917628524107336974e-01 6.606431431906621965e-01 9.761304295430840439e-01
4.500000000000000000e+02 9.911640425318543057e-01 6.594687438654708300e-01 9.743952008805754073e-01
4.550000000000000000e+02 9.848960228298765385e-01 6.471757634589599961e-01 9.562317606507735324e-01
4.600000000000000000e+02 9.867757386407939313e-01 6.508623041419966393e-01 9.616787929518747502e-01
4.650000000000000000e+02 9.896278613354322351e-01 6.564559509505876189e-01 9.699436616911638609e-01
4.700000000000000000e+02 9.960145405072171609e-01 6.689816489627763429e-01 9.884509528164666659e-01
4.750000000000000000e+02 1.001044000516135180e+00 6.788455384022830108e-01 1.000000000000000000e+00
4.800000000000000000e+02 1.004481738587546191e+00 6.855877071834751701e-01 1.000000000000000000e+00
4.850000000000000000e+02 1.005899476886456867e+00 6.883682072391099638e-01 1.000000000000000000e+00
4.900000000000000000e+02 1.007586613841355394e+00 6.916770579632267602e-01 1.000000000000000000e+00
4.950000000000000000e+02 1.006268639223816264e+00 6.890922166704377405e-01 1.000000000000000000e+00
5.000000000000000000e+02 1.007616821078934910e+00 6.917363010730693818e-01 1.000000000000000000e+00
5.050000000000000000e+02 1.008500297024356174e+00 6.934689938537350606e-01 1.000000000000000000e+00
5.100000000000000000e+02 1.009680144619395259e+00 6.957829373411665852e-01 1.000000000000000000e+00
5.150000000000000000e+02 1.009440147044101899e+00 6.953122487296167220e-01 1.000000000000000000e+00
5.200000000000000000e+02 1.009540860061432843e+00 6.955097693513753176e-01 1.000000000000000000e+00
5.250000000000000000e+02 1.009665036685616579e+00 6.957533073235925292e-01 1.000000000000000000e+00
5.300000000000000000e+02 1.010269724211621645e+00 6.969392340217642756e-01 1.000000000000000000e+00
5.350000000000000000e+02 1.011277872420015989e+00 6.989164368325244681e-01 1.000000000000000000e+00
5.400000000000000000e+02 1.011145016202147806e+00 6.986558762470780337e-01 1.000000000000000000e+00
5.450000000000000000e+02 1.013051766184253966e+00 7.023954369511948848e-01 1.000000000000000000e+00
5.500000000000000000e+02 1.012641239057011200e+00 7.015903019689381237e-01 1.000000000000000000e+00
5.550000000000000000e+02 1.007972741616032897e+00 6.924343403896081606e-01 1.000000000000000000e+00
5.600000000000000000e+02 1.009708097189333742e+00 6.958377585464121662e-01 1.000000000000000000e+00
5.650000000000000000e+02 1.007760782373001929e+00 6.920186411822912831e-01 1.000000000000000000e+00
5.700000000000000000e+02 1.007606214246161480e+00 6.917154987154414680e-01 1.000000000000000000e+00
5.750000000000000000e+02 1.005681480829353047e+00 6.879406684970367225e-01 1.000000000000000000e+00
5.800000000000000000e+02 1.006482206353743525e+00 6.895110693014916414e-01 1.000000000000000000e+00
5.850000000000000000e+02 1.002948389333358614e+00 6.825804683370308990e-01 1.000000000000000000e+00
5.900000000000000000e+02 1.005017176951531921e+00 6.866378208765278046e-01 1.000000000000000000e+00
5.950000000000000000e+02 1.002780414891500049e+00 6.822510331053722732e-01 1.000000000000000000e+00
6.000000000000000000e+02 1.000222240909145466e+00 6.772338850846651992e-01 1.000000000000000000e+00
6.050000000000000000e+02 1.003647773734300364e+00 6.839521166639631611e-01 1.000000000000000000e+00
6.100000000000000000e+02 1.001615723995389340e+00 6.799668152748168382e-01 1.000000000000000000e+00
6.150000000000000000e+02 1.002386171689508609e+00 6.814778345214635991e-01 1.000000000000000000e+00
6.200000000000000000e+02 1.000061171010466321e+00 6.769179911974910757e-01 1.000000000000000000e+00
6.250000000000000000e+02 9.984490717373150082e-01 6.737563060528278802e-01 9.955057268261137127e-01
6.300000000000000000e+02 9.989639444841474925e-01 6.747660859976263303e-01 9.969977228324592433e-01
6.350000000000000000e+02 9.979674426235485285e-01 6.728117242646008966e-01 9.941100640750745177e-01
6.400000000000000000e+02 9.971867228370496772e-01 6.712805591606721967e-01 9.918476976734786899e-01
6.450000000000000000e+02 9.988296046650275706e-01 6.745026157402282951e-01 9.966084334889210306e-01
6.500000000000000000e+02 9.980284854527490257e-01 6.729314428262835879e-01 9.942869537200275110e-01
6.550000000000000000e+02 9.980918592201862838e-01 6.730557328761612723e-01 9.944705979476646807e-01
6.600000000000000000e+02 9.981305790531381783e-01 6.731316710784088775e-01 9.945828001111817196e-01
6.650000000000000000e+02 1.000454979085638962e+00 6.776903364009523312e-01 1.000000000000000000e+00
6.700000000000000000e+02 1.000154565109121041e+00 6.771011577922744218e-01 1.000000000000000000e+00
6.750000000000000000e+02 1.000349964242783996e+00 6.774843789427775764e-01 1.000000000000000000e+00
6.800000000000000000e+02 1.001313392686716153e+00 6.793738763514401979e-01 1.000000000000000000e+00
6.850000000000000000e+02 1.002590683368342006e+00 6.818789273993318689e-01 1.000000000000000000e+00
6.900000000000000000e+02 1.001658165428381375e+00 6.800500523622865501e-01 1.000000000000000000e+00
6.950000000000000000e+02 1.004204869983466031e+00 6.850447062857496494e-01 1.000000000000000000e+00
7.000000000000000000e+02 1.001701030734702735e+00 6.801341207596084404e-01 1.000000000000000000e+00
7.050000000000000000e+02 1.004136361683166667e+00 6.849103462752030858e-01 1.000000000000000000e+00
7.100000000000000000e+02 1.002225241932178212e+00 6.811622154826365572e-01 1.000000000000000000e+00
7.150000000000000000e+02 1.002935269868340029e+00 6.825547381488556997e-01 1.000000000000000000e+00
7.200000000000000000e+02 1.003349228219980516e+00 6.833666025251311504e-01 1.000000000000000000e+00
7.250000000000000000e+02 1.003269296519095466e+00 6.832098386859031258e-01 1.000000000000000000e+00
7.300000000000000000e+02 9.988721746746361818e-01 6.745861049950336863e-01 9.967317926776076975e-01
7.350000000000000000e+02 1.003268238463633333e+00 6.832077636038702551e-01 1.000000000000000000e+00
7.400000000000000000e+02 1.001502557838374052e+00 6.797448712770290946e-01 1.000000000000000000e+00
7.450000000000000000e+02 9.984572410041381296e-01 6.737723278016045647e-01 9.955293996919817312e-01
7.500000000000000000e+02 1.002655920089218444e+00 6.820068711151542340e-01 1.000000000000000000e+00
7.550000000000000000e+02 1.000174372062425432e+00 6.771400036320229798e-01 1.000000000000000000e+00
7.600000000000000000e+02 1.002975719106735886e+00 6.826340680997334820e-01 1.000000000000000000e+00
7.650000000000000000e+02 1.008748080480149412e+00 6.939549523082311211e-01 1.000000000000000000e+00
7.700000000000000000e+02 1.009179424316440477e+00 6.948009134857816571e-01 1.000000000000000000e+00
7.750000000000000000e+02 1.008761622560539362e+00 6.939815113391231138e-01 1.000000000000000000e+00
7.800000000000000000e+02 1.007428617999710729e+00 6.913671929854515730e-01 1.000000000000000000e+00
7.850000000000000000e+02 1.004537130575090531e+00 6.856963431881363258e-01 1.000000000000000000e+00
7.900000000000000000e+02 1.006154716567910556e+00 6.888687890101091726e-01 1.000000000000000000e+00
7.950000000000000000e+02 1.006521580369531765e+00 6.895882905017468589e-01 1.000000000000000000e+00
8.000000000000000000e+02 1.004259166248116397e+00 6.851511933341682958e-01 1.000000000000000000e+00
8.050000000000000000e+02 1.002000431274464809e+00 6.807213117934579616e-01 1.000000000000000000e+00
8.100000000000000000e+02 1.001232929893643542e+00 6.792160709223374893e-01 1.000000000000000000e+00
8.150000000000000000e+02 1.001833499238786729e+00 6.803939209521110421e-01 1.000000000000000000e+00
8.200000000000000000e+02 9.992085955318623647e-01 6.752459011033513647e-01 9.977066715744239422e-01
8.250000000000000000e+02 9.989861255748906377e-01 6.748095880488107490e-01 9.970619991007386718e-01
8.300000000000000000e+02 9.968146079800132009e-01 6.705507591817286839e-01 9.907693848592622476e-01
8.350000000000000000e+02 9.968930617230354896e-01 6.707046244169458937e-01 9.909967277745597158e-01
8.400000000000000000e+02 9.985811849530705775e-01 6.740154094459158696e-01 9.958885639281072066e-01
8.450000000000000000e+02 9.975090689684213974e-01 6.719127516019015589e-01 9.927817908909314371e-01
8.500000000000000000e+02 9.980484994068545834e-01 6.729706946406324164e-01 9.943449500691844412e-01
8.550000000000000000e+02 1.000463534561987666e+00 6.777071155924870860e-01 1.000000000000000000e+00
8.600000000000000000e+02 1.001490969636304795e+00 6.797221442359926424e-01 1.000000000000000000e+00
8.650000000000000000e+02 1.000116766350532593e+00 6.770270260216657565e-01 1.000000000000000000e+00
8.700000000000000000e+02 1.000535025953397827e+00 6.778473261080286694e-01 1.000000000000000000e+00
8.750000000000000000e+02 9.973606542457061908e-01 6.716216773288261610e-01 9.923517153529733958e-01
8.800000000000000000e+02 9.989977612328837520e-01 6.748324081614662795e-01 9.970957168598620912e-01
8.850000000000000000e+02 9.986371804709264222e-01 6.741252291077202141e-01 9.960508274961987762e-01
8.900000000000000000e+02 9.987193112713023124e-01 6.742863058700464540e-01 9.962888257723022667e-01
8.950000000000000000e+02 1.000098809623684248e+00 6.769918088874180562e-01 1.000000000000000000e+00
9.000000000000000000e+02 9.992586630913188328e-01 6.753440947205804346e-01 9.978517571304493794e-01
9.050000000000000000e+02 1.000502114675267062e+00 6.777827797733886328e-01 1.000000000000000000e+00
9.100000000000000000e+02 1.000974074769280797e+00 6.787083984638555556e-01 1.000000000000000000e+00
9.150000000000000000e+02 1.001772689963391416e+00 6.802746604413738574e-01 1.000000000000000000e+00
9.200000000000000000e+02 1.001401696652606033e+00 6.795470600640183267e-01 1.000000000000000000e+00
9.250000000000000000e+02 1.002116353172217256e+00 6.809486604116039565e-01 1.000000000000000000e+00
9.300000000000000000e+02 9.980928178647313631e-01 6.730576129912805294e-01 9.944733759036578080e-01
9.350000000000000000e+02 1.001371811617048690e+00 6.794884488639867381e-01 1.000000000000000000e+00
9.400000000000000000e+02 1.000831517322026132e+00 6.784288116103951438e-01 1.000000000000000000e+00
9.450000000000000000e+02 9.955562564417386184e-01 6.680828520052992658e-01 9.871229392448176432e-01
9.500000000000000000e+02 9.815992127630538411e-01 6.407099858318330288e-01 9.466782787785246178e-01
9.550000000000000000e+02 9.972466950010422382e-01 6.713981779098067149e-01 9.920214847494489563e-01
9.600000000000000000e+02 9.946973965964160946e-01 6.663984368706185046e-01 9.846341389206306749e-01
9.650000000000000000e+02 9.966011654220552352e-01 6.701321508640067925e-01 9.901508719431745265e-01
9.700000000000000000e+02 9.983168082476394645e-01 6.734969079391677216e-01 9.951224542610085377e-01
9.750000000000000000e+02 9.997977504591315512e-01 6.764013649215384616e-01 9.994139221601505696e-01
9.800000000000000000e+02 9.993231935497403073e-01 6.754706532986824996e-01 9.980387532121895999e-01
9.850000000000000000e+02 1.000823625793506588e+00 6.784133345681903071e-01 1.000000000000000000e+00
9.900000000000000000e+02 1.002925103583079736e+00 6.825347998028622465e-01 1.000000000000000000e+00
9.950000000000000000e+02 1.002252367769561836e+00 6.812154152815079744e-01 1.000000000000000000e+00
1.000000000000000000e+03 9.994936908251151886e-01 6.758050363678496097e-01 9.985328194751974529e-01
1.005000000000000000e+03 1.000300856817746276e+00 6.773880683626413157e-01 1.000000000000000000e+00
1.010000000000000000e+03 9.989421421621217378e-01 6.747233267961204595e-01 9.969345441585216738e-01
1.015000000000000000e+03 9.987958903213139950e-01 6.744364944154088715e-01 9.965107362103475808e-01
1.020000000000000000e+03 9.987707115487729492e-01 6.743871132436475291e-01 9.964377732727924819e-01
1.025000000000000000e+03 9.986308633277988234e-01 6.741128397853528575e-01 9.960325217063199510e-01
1.030000000000000000e+03 9.993656314019920828e-01 6.755538833635243989e-01 9.981617294358624548e-01
1.035000000000000000e+03 9.998781920215776831e-01 6.765591287126617726e-01 9.996470253699284436e-01
1.040000000000000000e+03 9.995845543646942888e-01 6.759832399735847819e-01 9.987961234449811432e-01
1.045000000000000000e+03 9.996623726760193174e-01 6.761358589859476353e-01 9.990216250090701022e-01
1.050000000000000000e+03 1.000424868910884335e+00 6.776312836528924910e-01 1.000000000000000000e+00
1.055000000000000000e+03 1.001371989477695790e+00 6.794887976882652003e-01 1.000000000000000000e+00
1.060000000000000000e+03 1.001179435839619103e+00 6.791111571873376107e-01 1.000000000000000000e+00
1.065000000000000000e+03 9.991031035092775570e-01 6.750390077896195606e-01 9.974009772502125948e-01
1.070000000000000000e+03 1.000482031354285484e+00 6.777433919151714115e-01 1.000000000000000000e+00
1.075000000000000000e+03 9.978779496931455828e-01 6.726362087282318214e-01 9.938507318506001331e-01
1.080000000000000000e+03 9.985558484436660720e-01 6.739657189170904505e-01 9.958151439013552819e-01
1.085000000000000000e+03 9.992954451732446453e-01 6.754162325621831942e-01 9.979583440874713052e-01
1.090000000000000000e+03 1.000954176725356692e+00 6.786693739751467058e-01 1.000000000000000000e+00
1.095000000000000000e+03 9.990221205205669364e-01 6.748801821411988255e-01 9.971663050977602749e-01
1.100000000000000000e+03 9.997315563513090586e-01 6.762715435570281208e-01 9.992221051624120554e-01
1.105000000000000000e+03 1.003416941354103864e+00 6.834994030379915042e-01 1.000000000000000000e+00
1.110000000000000000e+03 1.005650374967675287e+00 6.878796629855173927e-01 1.000000000000000000e+00
1.115000000000000000e+03 1.005310966703045539e+00 6.872140079069947172e-01 1.000000000000000000e+00
1.120000000000000000e+03 1.004925080936214687e+00 6.864572001118139921e-01 1.000000000000000000e+00
1.125000000000000000e+03 1.005721324046225718e+00 6.880188099049511230e-01 1.000000000000000000e+00
1.130000000000000000e+03 1.003559578233299110e+00 6.837791456751500796e-01 1.000000000000000000e+00
1.135000000000000000e+03 1.002967603153984033e+00 6.826181509117056345e-01 1.000000000000000000e+00
1.140000000000000000e+03 1.000848279428028009e+00 6.784616858275243079e-01 1.000000000000000000e+00
1.145000000000000000e+03 9.933504648239589452e-01 6.637568041580572675e-01 9.807310058888490945e-01
1.150000000000000000e+03 9.895355280761964911e-01 6.562748648977955179e-01 9.696760987741516180e-01
1.155000000000000000e+03 9.839687437299052819e-01 6.453571629520540309e-01 9.535446953080531918e-01
1.160000000000000000e+03 9.897623561248026780e-01 6.567197251391063695e-01 9.703334001068198988e-01
1.165000000000000000e+03 9.927459691009179465e-01 6.625712536281478382e-01 9.789793008118594653e-01
1.170000000000000000e+03 9.954061845407221609e-01 6.677885276370811862e-01 9.866880615427859880e-01
1.175000000000000000e+03 9.972999257799503026e-01 6.715025753037608958e-01 9.921757366690427959e-01
1.180000000000000000e+03 9.996865186588352881e-01 6.761832146274047162e-01 9.990915951330519018e-01
1.185000000000000000e+03 1.003030654907198560e+00 6.827418094200886634e-01 1.000000000000000000e+00
1.190000000000000000e+03 1.002582208082378079e+00 6.818623054789729743e-01 1.000000000000000000e+00
1.195000000000000000e+03 1.002050838734239502e+00 6.808201720307921478e-01 1.000000000000000000e+00
1.200000000000000000e+03 1.000144621735497008e+00 6.770816566255668523e-01 1.000000000000000000e+00
1.205000000000000000e+03 1.000939142933930937e+00 6.786398893672132004e-01 1.000000000000000000e+00
1.210000000000000000e+03 1.001949071027185667e+00 6.806205829279636799e-01 1.000000000000000000e+00
1.215000000000000000e+03 1.001964789007769641e+00 6.806514093829743040e-01 1.000000000000000000e+00
1.220000000000000000e+03 1.000237247781583072e+00 6.772633168984771856e-01 1.000000000000000000e+00
1.225000000000000000e+03 1.001123619771388640e+00 6.790016894661514701e-01 1.000000000000000000e+00
1.230000000000000000e+03 1.002357923852542188e+00 6.814224342319199490e-01 1.000000000000000000e+00
1.235000000000000000e+03 1.002797232929787619e+00 6.822840170181508901e-01 1.000000000000000000e+00
1.240000000000000000e+03 1.004111361274886649e+00 6.848613149154191282e-01 1.000000000000000000e+00
1.245000000000000000e+03 1.006375669956043994e+00 6.893021277359302479e-01 1.000000000000000000e+00
1.250000000000000000e+03 1.005220012235336302e+00 6.870356259709773372e-01 1.000000000000000000e+00
1.255000000000000000e+03 1.003522600820807131e+00 6.837066247468728264e-01 1.000000000000000000e+00
1.260000000000000000e+03 1.002249716774066934e+00 6.812102160898610981e-01 1.000000000000000000e+00
1.265000000000000000e+03 1.002466201424320635e+00 6.816347906270214807e-01 1.000000000000000000e+00
1.270000000000000000e+03 1.001735028455538856e+00 6.802007978499775565e-01 1.000000000000000000e+00
1.275000000000000000e+03 9.971479679271481045e-01 6.712045521647265200e-01 9.917353938641293443e-01
1.280000000000000000e+03 9.990478346878948201e-01 6.749306133411888675e-01 9.972408194999999864e-01
1.285000000000000000e+03 1.005414184196735006e+00 6.874164403637933463e-01 1.000000000000000000e+00
1.290000000000000000e+03 1.006457122498536583e+00 6.894618742837284042e-01 1.000000000000000000e+00
1.295000000000000000e+03 1.005452438898326362e+00 6.874914663400153447e-01 1.000000000000000000e+00
1.300000000000000000e+03 1.005675370257755885e+00 6.879286843073741942e-01 1.000000000000000000e+00
1.305000000000000000e+03 1.008843874347307823e+00 6.941428253826680272e-01 1.000000000000000000e+00
1.310000000000000000e+03 1.009775179288733504e+00 6.959693214598613453e-01 1.000000000000000000e+00
1.315000000000000000e+03 1.010296238204862140e+00 6.969912338582199274e-01 1.000000000000000000e+00
1.320000000000000000e+03 1.009180402736783444e+00 6.948028323856378918e-01 1.000000000000000000e+00
1.325000000000000000e+03 1.007989101306436375e+00 6.924664253802668146e-01 1.000000000000000000e+00
1.330000000000000000e+03 1.009602595770180855e+00 6.956308468039209547e-01 1.000000000000000000e+00
1.335000000000000000e+03 1.015503337297668285e+00 7.072035130414567883e-01 1.000000000000000000e+00
1.340000000000000000e+03 1.029696159877704131e+00 7.350387940687982402e-01 1.000000000000000000e+00
1.345000000000000000e+03 1.041973088798808345e+00 7.591165816085596596e-01 1.000000000000000000e+00
1.350000000000000000e+03 1.049125006212839883e+00 7.731430819738874805e-01 1.000000000000000000e+00
1.355000000000000000e+03 1.060630907477547957e+00 7.957087128320154967e-01 1.000000000000000000e+00
1.360000000000000000e+03 1.069055808188495549e+00 8.122318165060192774e-01 1.000000000000000000e+00
1.365000000000000000e+03 1.077348949167627579e+00 8.284965100475430999e-01 1.000000000000000000e+00
1.370000000000000000e+03 1.081345534376987549e+00 8.363347023327573071e-01 1.000000000000000000e+00
1.375000000000000000e+03 1.078105153306127884e+00 8.299795945143920717e-01 1.000000000000000000e+00
1.380000000000000000e+03 1.066174712292244253e+00 8.065813468065190506e-01 1.000000000000000000e+00
1.385000000000000000e+03 9.520437871861092693e-01 5.827452242646627978e-01 8.610326950922122524e-01
1.390000000000000000e+03 7.361153376605243936e-01 1.592615204102044435e-01 2.353161732321674970e-01
1.395000000000000000e+03 8.337810868343129567e-01 3.508057717152454624e-01 5.183315563933270642e-01
1.400000000000000000e+03 9.164670968531859474e-01 5.129714236090696655e-01 7.579387165853596064e-01
1.405000000000000000e+03 9.096799368603917246e-01 4.996602936550673113e-01 7.382709138788170478e-01
1.410000000000000000e+03 8.937702858184300991e-01 4.684579302560584191e-01 6.921679962880354919e-01
1.415000000000000000e+03 9.040524829886511515e-01 4.886236052793077600e-01 7.219637025257519269e-01
1.420000000000000000e+03 9.302422773712093473e-01 5.399876156849782172e-01 7.978563747756971525e-01
1.425000000000000000e+03 9.596740919416195670e-01 5.977099485819136193e-01 8.831437590249171521e-01
1.430000000000000000e+03 9.886843414276094144e-01 6.546054986081422111e-01 9.672095338060903158e-01
1.435000000000000000e+03 1.013831268097864280e+00 7.039242135355801011e-01 1.000000000000000000e+00
1.440000000000000000e+03 1.024515202189804075e+00 7.248777839934437139e-01 1.000000000000000000e+00
1.445000000000000000e+03 1.022076495915926087e+00 7.200949387141671876e-01 1.000000000000000000e+00
1.450000000000000000e+03 1.016590804142753379e+00 7.093362773362376084e-01 1.000000000000000000e+00
1.455000000000000000e+03 1.007475951484734455e+00 6.914600244747630686e-01 1.000000000000000000e+00
1.460000000000000000e+03 9.984190405013076974e-01 6.736974081212044885e-01 9.954187024410318108e-01
1.465000000000000000e+03 9.863490126351726062e-01 6.500253995572206067e-01 9.604422281888189694e-01
1.470000000000000000e+03 9.909061103103632417e-01 6.589628814247390221e-01 9.736477660110081089e-01
1.475000000000000000e+03 9.952318375727030597e-01 6.674465944646125193e-01 9.861828396571777899e-01
1.480000000000000000e+03 1.004707978114263600e+00 6.860314132024970535e-01 1.000000000000000000e+00
1.485000000000000000e+03 1.008019013283663945e+00 6.925250894189045603e-01 1.000000000000000000e+00
1.490000000000000000e+03 1.010033048929460886e+00 6.964750611657999357e-01 1.000000000000000000e+00
1.495000000000000000e+03 1.012695473154315184e+00 7.016966670933668659e-01 1.000000000000000000e+00
1.500000000000000000e+03 1.014619756279592444e+00 7.054706141899512728e-01 1.000000000000000000e+00
1.505000000000000000e+03 1.012692721262991258e+00 7.016912700225639288e-01 1.000000000000000000e+00
1.510000000000000000e+03 1.012963550421412506e+00 7.022224262244076698e-01 1.000000000000000000e+00
1.515000000000000000e+03 1.010879628418844600e+00 6.981353917917971774e-01 1.000000000000000000e+00
1.520000000000000000e+03 1.013051003211445478e+00 7.023939405918611101e-01 1.000000000000000000e+00
1.525000000000000000e+03 1.007486761489942095e+00 6.914812252987122543e-01 1.000000000000000000e+00
1.530000000000000000e+03 1.006004248034369386e+00 6.885736867573140074e-01 1.000000000000000000e+00
1.535000000000000000e+03 1.005325928012771541e+00 6.872433503621978579e-01 1.000000000000000000e+00
1.540000000000000000e+03 1.004862539741911087e+00 6.863345429229843475e-01 1.000000000000000000e+00
1.545000000000000000e+03 1.003960949385897639e+00 6.845663237551863345e-01 1.000000000000000000e+00
1.550000000000000000e+03 1.002625228713107663e+00 6.819466785019977495e-01 1.000000000000000000e+00
1.555000000000000000e+03 1.005401680354951477e+00 6.873919175496735479e-01 1.000000000000000000e+00
1.560000000000000000e+03 1.002965368685179604e+00 6.826137686215185685e-01 1.000000000000000000e+00
1.565000000000000000e+03 1.001481186676453472e+00 6.797029576763632397e-01 1.000000000000000000e+00
1.570000000000000000e+03 1.002267722315436149e+00 6.812455289602387110e-01 1.000000000000000000e+00
1.575000000000000000e+03 1.002807004869129104e+00 6.823031819641098839e-01 1.000000000000000000e+00
1.580000000000000000e+03 1.003079894552762807e+00 6.828383793140783142e-01 1.000000000000000000e+00
1.585000000000000000e+03 1.003106366221290680e+00 6.828902961423610751e-01 1.000000000000000000e+00
1.590000000000000000e+03 1.001726364161942717e+00 6.801838052436237625e-01 1.000000000000000000e+00
1.595000000000000000e+03 1.002457066228316984e+00 6.816168744763355658e-01 1.000000000000000000e+00
1.600000000000000000e+03 1.004520388953368926e+00 6.856635091452356612e-01 1.000000000000000000e+00
1.605000000000000000e+03 1.003104610398812158e+00 6.828868525840521286e-01 1.000000000000000000e+00
1.610000000000000000e+03 1.002297571859113612e+00 6.813040705528018437e-01 1.000000000000000000e+00
1.615000000000000000e+03 1.001418252317410884e+00 6.795795294040554158e-01 1.000000000000000000e+00
1.620000000000000000e+03 1.000595369985619154e+00 6.779656741734492176e-01 1.000000000000000000e+00
1.625000000000000000e+03 1.002538477244758752e+00 6.817765395823143226e-01 1.000000000000000000e+00
1.630000000000000000e+03 1.001545705841702105e+00 6.798294941060423202e-01 1.000000000000000000e+00
1.635000000000000000e+03 1.002541893490254798e+00 6.817832395993760342e-01 1.000000000000000000e+00
1.640000000000000000e+03 1.002003987169587162e+00 6.807282856944897320e-01 1.000000000000000000e+00
1.645000000000000000e+03 1.000304598333883854e+00 6.773954063077590737e-01 1.000000000000000000e+00
1.650000000000000000e+03 1.000268374153918449e+00 6.773243626359568559e-01 1.000000000000000000e+00
1.655000000000000000e+03 1.001751406627102492e+00 6.802329190863009023e-01 1.000000000000000000e+00
1.660000000000000000e+03 1.003976442148085901e+00 6.845967085068428437e-01 1.000000000000000000e+00
1.665000000000000000e+03 1.005331103936650816e+00 6.872535014998552017e-01 1.000000000000000000e+00
1.670000000000000000e+03 1.003349036402569672e+00 6.833662263285354976e-01 1.000000000000000000e+00
1.675000000000000000e+03 1.004260578446982466e+00 6.851539629701643985e-01 1.000000000000000000e+00
1.680000000000000000e+03 1.004172824800182440e+00 6.849818585556916029e-01 1.000000000000000000e+00
1.685000000000000000e+03 1.005131332042270342e+00 6.868617043932481181e-01 1.000000000000000000e+00
1.690000000000000000e+03 1.004083046725607886e+00 6.848057837881966758e-01 1.000000000000000000e+00
1.695000000000000000e+03 1.004682626109747456e+00 6.859816922843122722e-01 1.000000000000000000e+00
1.700000000000000000e+03 1.010575867054694932e+00 6.975396482116408281e-01 1.000000000000000000e+00
1.705000000000000000e+03 1.005973192573555108e+00 6.885127800930952446e-01 1.000000000000000000e+00
1.710000000000000000e+03 1.005074841534978836e+00 6.867509139470934221e-01 1.000000000000000000e+00
1.715000000000000000e+03 1.004054873262717917e+00 6.847505293627550449e-01 1.000000000000000000e+00
1.720000000000000000e+03 1.005904928779963292e+00 6.883788996145713268e-01 1.000000000000000000e+00
1.725000000000000000e+03 1.005224213091982621e+00 6.870438647849725911e-01 1.000000000000000000e+00
1.730000000000000000e+03 1.002378290960115992e+00 6.814623786587479248e-01 1.000000000000000000e+00
1.735000000000000000e+03 1.002490468480538022e+00 6.816823837203408454e-01 1.000000000000000000e+00
1.740000000000000000e+03 1.001941211890646999e+00 6.806051694136361352e-01 1.000000000000000000e+00
1.745000000000000000e+03 1.000625028834115859e+00 6.780238417703593479e-01 1.000000000000000000e+00
1.750000000000000000e+03 9.997812045166998285e-01 6.763689146492369852e-01 9.993659754001380513e-01
1.755000000000000000e+03 9.994092118389363844e-01 6.756393542910159589e-01 9.982880166364876962e-01
1.760000000000000000e+03 9.988563286873014535e-01 6.745550274903210353e-01 9.966858742444308916e-01
1.765000000000000000e+03 9.967702035406571515e-01 6.704636722022806472e-01 9.906407098680323209e-01
1.770000000000000000e+03 9.968546437440035657e-01 6.706292782173561839e-01 9.908854003220191053e-01
1.775000000000000000e+03 9.968920992668145464e-01 6.707027368262826750e-01 9.909939387731089289e-01
1.780000000000000000e+03 9.987534615264943572e-01 6.743532821142055322e-01 9.963877862332621849e-01
1.785000000000000000e+03 9.988727414174187746e-01 6.745872165036526091e-01 9.967334349823780970e-01
1.790000000000000000e+03 9.983059544233195970e-01 6.734756211761957490e-01 9.950910020961029057e-01
1.795000000000000000e+03 9.977200579848434225e-01 6.723265479790965227e-01 9.933931939450280080e-01
1.800000000000000000e+03 9.981861675041744375e-01 6.732406923916637309e-01 9.947438840828141116e-01
1.805000000000000000e+03 9.996696508209176324e-01 6.761501330464778636e-01 9.990427155857003472e-01
1.810000000000000000e+03 1.002667199487005556e+00 6.820289925223270711e-01 1.000000000000000000e+00
1.815000000000000000e+03 1.005550571877102506e+00 6.876839269324648285e-01 1.000000000000000000e+00
1.820000000000000000e+03 1.009241466302802426e+00 6.949225916168327855e-01 1.000000000000000000e+00
1.825000000000000000e+03 1.013556789502987776e+00 7.033858999773507925e-01 1.000000000000000000e+00
1.830000000000000000e+03 1.022142412468949990e+00 7.202242157319996840e-01 1.000000000000000000e+00
1.835000000000000000e+03 1.035413413609574729e+00 7.462515999383713128e-01 1.000000000000000000e+00
1.840000000000000000e+03 1.049254549860347385e+00 7.733971458722659342e-01 1.000000000000000000e+00
1.845000000000000000e+03 1.065048403367935936e+00 8.043724045573695802e-01 1.000000000000000000e+00
1.850000000000000000e+03 1.090684383355165155e+00 8.546502617863876994e-01 1.000000000000000000e+00
1.855000000000000000e+03 1.112326695041153224e+00 8.970956474356227561e-01 1.000000000000000000e+00
1.860000000000000000e+03 1.132679907391462182e+00 9.370128226405689542e-01 1.000000000000000000e+00
1.865000000000000000e+03 1.144728816112571268e+00 9.606434118650564180e-01 1.000000000000000000e+00
1.870000000000000000e+03 1.152231510336859444e+00 9.753578635548164621e-01 1.000000000000000000e+00
1.875000000000000000e+03 1.125528706847949811e+00 9.229877282177342268e-01 1.000000000000000000e+00
1.880000000000000000e+03 1.080558613531280576e+00 8.347913755728399998e-01 1.000000000000000000e+00
1.885000000000000000e+03 1.013098038202073115e+00 7.024861866672880151e-01 1.000000000000000000e+00
1.890000000000000000e+03 9.046270191382800308e-01 4.897503984238780195e-01 7.236285908812164491e-01
1.895000000000000000e+03 7.826561333084390837e-01 2.505383695915675002e-01 3.701818884327101600e-01
1.900000000000000000e+03 6.935805172197196944e-01 7.584127938762440235e-02 1.120589555629027956e-01
1.905000000000000000e+03 6.549101038858583523e-01 0.000000000000000000e+00 0.000000000000000000e+00
1.910000000000000000e+03 6.722933771667788383e-01 3.409246428755650926e-02 5.037317370535476097e-02
1.915000000000000000e+03 7.283221410452959121e-01 1.439773289350466390e-01 2.127330819768651071e-01
1.920000000000000000e+03 8.002764294744564300e-01 2.850956884617397713e-01 4.212419060235737533e-01
1.925000000000000000e+03 8.787345283824155029e-01 4.389694665392556705e-01 6.485974437875896559e-01
1.930000000000000000e+03 9.449309285225100385e-01 5.687953267941242563e-01 8.404210841940288335e-01
1.935000000000000000e+03 9.918269771053194184e-01 6.607689059756558514e-01 9.763162498041458859e-01
1.940000000000000000e+03 1.022926737825140764e+00 7.217624521598368093e-01 1.000000000000000000e+00
1.945000000000000000e+03 1.033134502278123756e+00 7.417821480735562467e-01 1.000000000000000000e+00
1.950000000000000000e+03 1.034020778415257968e+00 7.435203326528279089e-01 1.000000000000000000e+00
1.955000000000000000e+03 1.023372157155370887e+00 7.226360185108603451e-01 1.000000000000000000e+00
1.960000000000000000e+03 1.012273212379936282e+00 7.008685198199561261e-01 1.000000000000000000e+00
1.965000000000000000e+03 1.003017175162073338e+00 6.827153726425116975e-01 1.000000000000000000e+00
1.970000000000000000e+03 9.950107959667108259e-01 6.670130827239539872e-01 9.855423062527483014e-01
1.975000000000000000e+03 9.908740329810517000e-01 6.588999706491721620e-01 9.735548124656486779e-01
1.980000000000000000e+03 9.905938565379240890e-01 6.583504823435359921e-01 9.727429183873735896e-01
1.985000000000000000e+03 9.927190404544623537e-01 6.625184405645341279e-01 9.789012670972858654e-01
1.990000000000000000e+03 9.964726517662536587e-01 6.698801070083948428e-01 9.897784656303595385e-01
1.995000000000000000e+03 1.001193392033360663e+00 6.791385283865953859e-01 1.000000000000000000e+00
2.000000000000000000e+03 1.008390071421753964e+00 6.932528169370196780e-01 1.000000000000000000e+00
2.005000000000000000e+03 1.014060597114071482e+00 7.043739787304773570e-01 1.000000000000000000e+00
2.010000000000000000e+03 1.017428150554972932e+00 7.109784998448281934e-01 1.000000000000000000e+00
2.015000000000000000e+03 1.020247489239598515e+00 7.165078499198581641e-01 1.000000000000000000e+00
2.020000000000000000e+03 1.022536080232423927e+00 7.209962857530197722e-01 1.000000000000000000e+00
2.025000000000000000e+03 1.022013892820156089e+00 7.199721601227973000e-01 1.000000000000000000e+00
2.030000000000000000e+03 1.023190948797696898e+00 7.222806286275643695e-01 1.000000000000000000e+00
2.035000000000000000e+03 1.023404449411040362e+00 7.226993508048066284e-01 1.000000000000000000e+00
2.040000000000000000e+03 1.022966867773683175e+00 7.218411559123139032e-01 1.000000000000000000e+00
2.045000000000000000e+03 1.023787845572621702e+00 7.234512759304988494e-01 1.000000000000000000e+00
2.050000000000000000e+03 1.019941207859279997e+00 7.159071640276382098e-01 1.000000000000000000e+00
2.055000000000000000e+03 1.017858833255500084e+00 7.118231643881340887e-01 1.000000000000000000e+00
2.060000000000000000e+03 1.017043979020622713e+00 7.102250540407225587e-01 1.000000000000000000e+00
2.065000000000000000e+03 1.017129995532799702e+00 7.103937515479263887e-01 1.000000000000000000e+00
2.070000000000000000e+03 1.015038366116141955e+00 7.062916011624479351e-01 1.000000000000000000e+00
2.075000000000000000e+03 1.013177681934763985e+00 7.026423857368540027e-01 1.000000000000000000e+00
2.080000000000000000e+03 1.010847644855084937e+00 6.980726649113274673e-01 1.000000000000000000e+00
2.085000000000000000e+03 1.006572640217611170e+00 6.896884302176130577e-01 1.000000000000000000e+00
2.090000000000000000e+03 1.002688695997849377e+00 6.820711519601041495e-01 1.000000000000000000e+00
2.095000000000000000e+03 1.002736489448595281e+00 6.821648855444758519e-01 1.000000000000000000e+00
2.100000000000000000e+03 1.001464830622718294e+00 6.796708798180197686e-01 1.000000000000000000e+00
2.105000000000000000e+03 1.001272838591177106e+00 6.792943407523883703e-01 1.000000000000000000e+00
2.110000000000000000e+03 9.960149193325852357e-01 6.689823919235595717e-01 9.884520505749705421e-01
2.115000000000000000e+03 9.940779864541218203e-01 6.651836358481496569e-01 9.828392149043986281e-01
2.120000000000000000e+03 9.938089026877079402e-01 6.646559027481415693e-01 9.820594651364573657e-01
2.125000000000000000e+03 9.924097408708025814e-01 6.619118353044275427e-01 9.780049801090471284e-01
2.130000000000000000e+03 9.924725616307106257e-01 6.620350407835724482e-01 9.781870218338714063e-01
2.135000000000000000e+03 9.949800125174906862e-01 6.669527095349564449e-01 9.854531021074899311e-01
2.140000000000000000e+03 9.996235465882096216e-01 6.760597123942967412e-01 9.989091149406882364e-01
2.145000000000000000e+03 1.002103340626745220e+00 6.809231399164344944e-01 1.000000000000000000e+00
2.150000000000000000e+03 1.001846229369987684e+00 6.804188875700967198e-01 1.000000000000000000e+00
2.155000000000000000e+03 1.002830466051926717e+00 6.823491945604572839e-01 1.000000000000000000e+00
2.160000000000000000e+03 1.001720867786207503e+00 6.801730256286205867e-01 1.000000000000000000e+00
2.165000000000000000e+03 1.002076014053018049e+00 6.808695464289572508e-01 1.000000000000000000e+00
2.170000000000000000e+03 1.001552968456657977e+00 6.798437377089021627e-01 1.000000000000000000e+00
2.175000000000000000e+03 1.001373432396605478e+00 6.794916275730977784e-01 1.000000000000000000e+00
2.180000000000000000e+03 1.002138397901365163e+00 6.809918950273784466e-01 1.000000000000000000e+00
2.185000000000000000e+03 1.004598965782814490e+00 6.858176157802986506e-01 1.000000000000000000e+00
2.190000000000000000e+03 1.006124039892791533e+00 6.888086252288664335e-01 1.000000000000000000e+00
2.195000000000000000e+03 1.007633692175617712e+00 6.917693890451592775e-01 1.000000000000000000e+00
2.200000000000000000e+03 1.009291253760093543e+00 6.950202358914314704e-01 1.000000000000000000e+00
2.205000000000000000e+03 1.009343209409957476e+00 6.951221324737895113e-01 1.000000000000000000e+00
2.210000000000000000e+03 1.012705209364899828e+00 7.017157619672890201e-01 1.000000000000000000e+00
2.215000000000000000e+03 1.013512737397568975e+00 7.032995040030994849e-01 1.000000000000000000e+00
2.220000000000000000e+03 1.016915604987788990e+00 7.099732840167974901e-01 1.000000000000000000e+00
2.225000000000000000e+03 1.019515869695181598e+00 7.150729813086922348e-01 1.000000000000000000e+00
2.230000000000000000e+03 1.022341599192256423e+00 7.206148651880106559e-01 1.000000000000000000e+00
2.235000000000000000e+03 1.025060304808377065e+00 7.259468514387074078e-01 1.000000000000000000e+00
2.240000000000000000e+03 1.034090145119620718e+00 7.436563761846193277e-01 1.000000000000000000e+00
2.245000000000000000e+03 1.046250381741556046e+00 7.675053041777489815e-01 1.000000000000000000e+00
2.250000000000000000e+03 1.057782602277834938e+00 7.901225529798396874e-01 1.000000000000000000e+00
2.255000000000000000e+03 1.073988160880201992e+00 8.219052569034730471e-01 1.000000000000000000e+00
2.260000000000000000e+03 1.088390077367233699e+00 8.501506175770239260e-01 1.000000000000000000e+00
2.265000000000000000e+03 1.095216067844372754e+00 8.635379027452602108e-01 1.000000000000000000e+00
2.270000000000000000e+03 1.094548926014319745e+00 8.622294892693712631e-01 1.000000000000000000e+00
2.275000000000000000e+03 1.080526293758982126e+00 8.347279893126656747e-01 1.000000000000000000e+00
2.280000000000000000e+03 1.042173701773845274e+00 7.595100282613586051e-01 1.000000000000000000e+00
2.285000000000000000e+03 9.777096692346728402e-01 6.330817260850470918e-01 9.354071764594509286e-01
2.290000000000000000e+03 9.063582476433637014e-01 4.931457224822040075e-01 7.286453373133143785e-01
2.295000000000000000e+03 8.594191704262008624e-01 4.010877545807615130e-01 5.926254835137197974e-01
2.300000000000000000e+03 8.590211070375032287e-01 4.003070637612566873e-01 5.914719771573181406e-01
2.305000000000000000e+03 8.591965705315273150e-01 4.006511866894943430e-01 5.919804345071272289e-01
2.310000000000000000e+03 7.978140073375550312e-01 2.802663311015617387e-01 4.141063098655021202e-01
2.315000000000000000e+03 7.365876637533205207e-01 1.601878569056680024e-01 2.366848777295020023e-01
2.320000000000000000e+03 7.549800588837152215e-01 1.962594335306433180e-01 2.899822803411138405e-01
2.325000000000000000e+03 8.482495626155642787e-01 3.791816699650351064e-01 5.602582425819767620e-01
2.330000000000000000e+03 9.795084079634044372e-01 6.366094527036715300e-01 9.406195537240018556e-01
2.335000000000000000e+03 1.079351962241348328e+00 8.324248640795931520e-01 1.000000000000000000e+00
2.340000000000000000e+03 1.135761665934777342e+00 9.430568364107581036e-01 1.000000000000000000e+00
2.345000000000000000e+03 1.164796192914196782e+00 1.000000000000000000e+00 1.000000000000000000e+00
2.350000000000000000e+03 1.163593979661738276e+00 9.976421924850911171e-01 1.000000000000000000e+00
2.355000000000000000e+03 1.147525486766805658e+00 9.661283048919750982e-01 1.000000000000000000e+00
2.360000000000000000e+03 1.132465442213817841e+00 9.365922087382499983e-01 1.000000000000000000e+00
2.365000000000000000e+03 1.107340553814013528e+00 8.873167157596448806e-01 1.000000000000000000e+00
2.370000000000000000e+03 1.063103770475576137e+00 8.005585470425163885e-01 1.000000000000000000e+00
2.375000000000000000e+03 1.005362216944605258e+00 6.873145210268121197e-01 1.000000000000000000e+00
2.380000000000000000e+03 9.447769009641118210e-01 5.684932445021916303e-01 8.399747438052412862e-01
2.385000000000000000e+03 8.994571184117873264e-01 4.796110735084940790e-01 7.086472750423350453e-01
2.390000000000000000e+03 8.841138076190350192e-01 4.495194292708738493e-01 6.641854957624301337e-01
2.395000000000000000e+03 9.018958104520693464e-01 4.843938908725239356e-01 7.157141062296364931e-01
2.400000000000000000e+03 9.531733629246149642e-01 5.849605734628695597e-01 8.643059747541935733e-01
2.405000000000000000e+03 1.009917134061724786e+00 6.962477263350792533e-01 1.000000000000000000e+00
2.410000000000000000e+03 1.042704790241273827e+00 7.605516108400098840e-01 1.000000000000000000e+00
2.415000000000000000e+03 1.051137658621765780e+00 7.770903408856990602e-01 1.000000000000000000e+00
2.420000000000000000e+03 1.045077928500022901e+00 7.652058626617675996e-01 1.000000000000000000e+00
2.425000000000000000e+03 1.034783778298448365e+00 7.450167450861312490e-01 1.000000000000000000e+00
2.430000000000000000e+03 1.028012472095506391e+00 7.317367079393134466e-01 1.000000000000000000e+00
2.435000000000000000e+03 1.022576020357652382e+00 7.210746172197687320e-01 1.000000000000000000e+00
2.440000000000000000e+03 1.011152297604289263e+00 6.986701566957863596e-01 1.000000000000000000e+00
2.445000000000000000e+03 1.000249311923774753e+00 6.772869773639248470e-01 1.000000000000000000e+00
2.450000000000000000e+03 9.930298412635383265e-01 6.631279900614978073e-01 9.798019043300061348e-01
2.455000000000000000e+03 9.804827169618770544e-01 6.385202892992125623e-01 9.434429021020440675e-01
2.460000000000000000e+03 9.698739745420990044e-01 6.177141864302472252e-01 9.127009344604615215e-01
2.465000000000000000e+03 9.660936264310009403e-01 6.103000831776911328e-01 9.017462581466476612e-01
2.470000000000000000e+03 9.730622801947893530e-01 6.239671627739754589e-01 9.219399927133747896e-01
2.475000000000000000e+03 9.899021417633362407e-01 6.569938758593191208e-01 9.707384703221684230e-01
2.480000000000000000e+03 9.986666790367751956e-01 6.741830823547170226e-01 9.961363083120121642e-01
2.485000000000000000e+03 1.003599955000562760e+00 6.838583334940226965e-01 1.000000000000000000e+00
2.490000000000000000e+03 1.004256896822346867e+00 6.851467424855995914e-01 1.000000000000000000e+00
2.495000000000000000e+03 1.001360756121353113e+00 6.794667665786029431e-01 1.000000000000000000e+00
2.500000000000000000e+03 1.000515856376757329e+00 6.778097303056466183e-01 1.000000000000000000e+00
2.505000000000000000e+03 1.003646681422400766e+00 6.839499743974390977e-01 1.000000000000000000e+00
2.510000000000000000e+03 9.998904266617220093e-01 6.765831235625068274e-01 9.996824788569244058e-01
2.515000000000000000e+03 9.956270617709408466e-01 6.682217170002967555e-01 9.873281186198138437e-01
2.520000000000000000e+03 9.924351610742184748e-01 6.619616899758196116e-01 9.780786426639411779e-01
2.525000000000000000e+03 9.976330338631650418e-01 6.721558743256061952e-01 9.931410158237374830e-01
2.530000000000000000e+03 1.000447327219861293e+00 6.776753293906763176e-01 1.000000000000000000e+00
2.535000000000000000e+03 1.000395541804373956e+00 6.775737666757843947e-01 1.000000000000000000e+00
2.540000000000000000e+03 9.999245842150324970e-01 6.766501141198989489e-01 9.997814604663401994e-01
2.545000000000000000e+03 1.005000402536877058e+00 6.866049225193932015e-01 1.000000000000000000e+00
